--- inicio: 26-06--16 14-02-45 ---
20.00
25.38
30.71
35.96
41.08
46.03
50.77
55.27
59.48
63.37
66.91
70.07
72.84
75.17
77.06
78.50
79.46
79.94
79.51
78.37
77.03
75.49
73.76
71.87
69.83
67.63
65.31
62.88
60.34
57.71
55.00
52.24
49.42
46.57
43.70
40.81
37.93
35.06
32.21
29.40
26.64
23.93
21.29
18.73
16.24
13.85
11.56
9.37
7.29
5.32
11.1
23.93
40.37
17.91
8.44
5.4
8
20.95
37.38
51.65
64.98
77.04
78.23
75.5
64.5
45.76
32.59
17.79
6.18
26.42
44.16
60.22
71.92
76.44
76.95
71.4
56.18
38.67
24.99
10.12
53.35
34.69
19.2
9.41
4.65
6.27
18.38
30.95
48.16
63.02
74.32
78.15
77.27
66.25
53.38
34.77
18.48
8.83
4.38
7.19
17.76
30.58
49.5
65.44
73.37
79.42
76.46
66.86
52.08
5.62
9.34
16.47
31.57
50.3
65.39
74.17
78.45
76.38
66.54
50.7
33.29
17.54
8.15
5.68
6.73
20.34
35.2
14.54
32.1
45.17
63.34
75.27
80.73
76.56
